20180214123102 20180214123503 +12065554881

20180216015000 20180216020500 +50499853746

20180217124515 20180217135000 +12062812000

20180218115559 20180219010500 +12029251234

20170229081000 20170229081500 +13255551234

20171515100000 20170101000000 +50298784565

20180105153215 AAF00000000000 +50345783224

20161010090012 2016 +50565781245

20151010250000 20151010007500 +50278894512

20170827153000 20170827153215 123456789012

20170827153000 20170827153215 +234567A9012

20170827153000 20170827153215 +8656789012

20170827153000 20170827153215 +86656789012

20101015120000 20101015120555 +12065558989

20101015134515 20101015135001 +12062812000

20101231115900 20110101000015 +50422320484

